{
 "cells": [
  {
   "cell_type": "code",
   "execution_count": 5,
   "metadata": {},
   "outputs": [],
   "source": [
    "import numpy as np\n",
    "import skfuzzy as fuzz\n",
    "from skfuzzy import control as ctrl"
   ]
  },
  {
   "cell_type": "code",
   "execution_count": 2,
   "metadata": {},
   "outputs": [],
   "source": [
    "\n",
    "def initialize_membership_matrix(num_samples, num_clusters):\n",
    "    # Initialize the membership matrix randomly\n",
    "    membership_mat = np.random.rand(num_clusters, num_samples)\n",
    "    # Normalize the membership matrix\n",
    "    membership_mat /= np.sum(membership_mat, axis=0)\n",
    "    return membership_mat\n",
    "\n",
    "def calculate_centroids(data, membership_mat, num_clusters, fuzziness):\n",
    "    # Calculate centroids\n",
    "    centroids = np.zeros((num_clusters, data.shape[1]))\n",
    "    for k in range(num_clusters):\n",
    "        # Compute the denominator\n",
    "        denominator = np.sum((membership_mat[k, :] ** fuzziness))\n",
    "        for j in range(data.shape[1]):\n",
    "            # Compute the numerator\n",
    "            numerator = np.sum((membership_mat[k, :] ** fuzziness) * data[:, j])\n",
    "            centroids[k, j] = numerator / denominator\n",
    "    return centroids\n",
    "\n",
    "def update_membership_matrix(data, centroids, num_clusters, fuzziness):\n",
    "    # Update the membership matrix\n",
    "    num_samples = data.shape[0]\n",
    "    membership_mat = np.zeros((num_clusters, num_samples))\n",
    "    for i in range(num_samples):\n",
    "        for k in range(num_clusters):\n",
    "            # Compute the distance between the sample and the centroid\n",
    "            distances = np.linalg.norm(data[i] - centroids[k])\n",
    "            # Avoid division by zero\n",
    "            if distances == 0:\n",
    "                membership_mat[k, i] = 1\n",
    "            else:\n",
    "                membership_mat[k, i] = 1 / np.sum((distances / np.linalg.norm(data[i] - centroids)) ** (2 / (fuzziness - 1)))\n",
    "    # Normalize the membership matrix\n",
    "    membership_mat /= np.sum(membership_mat, axis=0)\n",
    "    return membership_mat\n",
    "\n",
    "def fuzzy_c_means_clustering(data, num_clusters, fuzziness=2, max_iter=100, error=1e-6, random_state=None):\n",
    "    \"\"\"\n",
    "    Perform Fuzzy C-means clustering on the given data.\n",
    "\n",
    "    Parameters:\n",
    "    data : array-like, shape (n_samples, n_features)\n",
    "        Input data.\n",
    "    num_clusters : int\n",
    "        Number of clusters.\n",
    "    fuzziness : float, optional (default=2)\n",
    "        Exponent for the fuzzy partition matrix, where higher values indicate fuzzier clusters.\n",
    "    max_iter : int, optional (default=100)\n",
    "        Maximum number of iterations.\n",
    "    error : float, optional (default=1e-6)\n",
    "        Error tolerance to declare convergence.\n",
    "    random_state : int or RandomState, optional (default=None)\n",
    "        Seed for random number generation.\n",
    "\n",
    "    Returns:\n",
    "    centroids : array, shape (num_clusters, n_features)\n",
    "        Centroids of the clusters.\n",
    "    membership_mat : array, shape (num_clusters, n_samples)\n",
    "        Final fuzzy partition matrix.\n",
    "    \"\"\"\n",
    "    np.random.seed(random_state)\n",
    "    num_samples = data.shape[0]\n",
    "    # Initialize membership matrix\n",
    "    membership_mat = initialize_membership_matrix(num_samples, num_clusters)\n",
    "    # Initialize centroids\n",
    "    centroids = calculate_centroids(data, membership_mat, num_clusters, fuzziness)\n",
    "    \n",
    "    for _ in range(max_iter):\n",
    "        # Keep the old centroids to check convergence\n",
    "        old_centroids = centroids.copy()\n",
    "        # Update membership matrix\n",
    "        membership_mat = update_membership_matrix(data, centroids, num_clusters, fuzziness)\n",
    "        # Update centroids\n",
    "        centroids = calculate_centroids(data, membership_mat, num_clusters, fuzziness)\n",
    "        # Check convergence\n",
    "        if np.linalg.norm(centroids - old_centroids) < error:\n",
    "            break\n",
    "    \n",
    "    return centroids, membership_mat\n"
   ]
  },
  {
   "cell_type": "code",
   "execution_count": 14,
   "metadata": {},
   "outputs": [
    {
     "name": "stdout",
     "output_type": "stream",
     "text": [
      "Centroids:\n",
      "[[0.22741441 0.71995374]\n",
      " [0.76312626 0.6007064 ]\n",
      " [0.51807828 0.18663905]]\n",
      "matrix membership\n",
      "[[0.32064527 0.56116722 0.11818751]\n",
      " [0.12172444 0.72418988 0.15408568]\n",
      " [0.63481891 0.23813375 0.12704733]\n",
      " [0.652417   0.25212861 0.09545438]\n",
      " [0.0888268  0.66585391 0.24531928]\n",
      " [0.01606275 0.95424535 0.0296919 ]\n",
      " [0.41823045 0.46106418 0.12070536]\n",
      " [0.27793712 0.15900512 0.56305776]\n",
      " [0.85073091 0.07812656 0.07114253]\n",
      " [0.16425208 0.73564474 0.10010318]\n",
      " [0.11600722 0.77128348 0.1127093 ]\n",
      " [0.61041254 0.28933079 0.10025667]\n",
      " [0.91405507 0.04011397 0.04583096]\n",
      " [0.83676745 0.09586865 0.0673639 ]\n",
      " [0.15632646 0.30295104 0.5407225 ]\n",
      " [0.97457808 0.01512779 0.01029413]\n",
      " [0.43605279 0.34453015 0.21941706]\n",
      " [0.81865756 0.07974018 0.10160226]\n",
      " [0.1150629  0.79087096 0.09406613]\n",
      " [0.06521947 0.85607206 0.07870847]\n",
      " [0.3811237  0.19587536 0.42300094]\n",
      " [0.05943198 0.13160122 0.80896679]\n",
      " [0.06430358 0.88666845 0.04902797]\n",
      " [0.19123786 0.12659921 0.68216293]\n",
      " [0.29550052 0.15506872 0.54943076]\n",
      " [0.14149052 0.43819543 0.42031405]\n",
      " [0.11880001 0.38126685 0.49993313]\n",
      " [0.2053137  0.12822362 0.66646269]\n",
      " [0.04629628 0.13909274 0.81461098]\n",
      " [0.02025691 0.026678   0.95306509]\n",
      " [0.22658698 0.14082205 0.63259097]\n",
      " [0.03615171 0.08381593 0.88003236]\n",
      " [0.44597214 0.14792285 0.40610501]\n",
      " [0.08849235 0.25493213 0.65657551]\n",
      " [0.09239873 0.27054224 0.63705903]\n",
      " [0.07650339 0.75862127 0.16487534]\n",
      " [0.06631002 0.83476849 0.09892149]\n",
      " [0.073733   0.16933461 0.7569324 ]\n",
      " [0.12729597 0.10004404 0.77265999]\n",
      " [0.11613056 0.09442363 0.7894458 ]\n",
      " [0.39322063 0.17161138 0.43516799]\n",
      " [0.89726653 0.04948806 0.05324541]\n",
      " [0.02455446 0.05228788 0.92315766]\n",
      " [0.01719906 0.02622969 0.95657126]\n",
      " [0.40753497 0.47106182 0.12140321]\n",
      " [0.91271125 0.04999829 0.03729046]\n",
      " [0.95828733 0.02129836 0.02041431]\n",
      " [0.13672005 0.10010863 0.76317132]\n",
      " [0.04594019 0.0771811  0.87687871]\n",
      " [0.09841178 0.23905684 0.66253138]\n",
      " [0.0589658  0.2049016  0.7361326 ]\n",
      " [0.25667987 0.61806283 0.1252573 ]\n",
      " [0.85184434 0.06788434 0.08027132]\n",
      " [0.13987501 0.71970439 0.14042061]\n",
      " [0.82583867 0.10773059 0.06643075]\n",
      " [0.64640045 0.25926069 0.09433886]\n",
      " [0.07110793 0.29722163 0.63167043]\n",
      " [0.06876764 0.69669766 0.2345347 ]\n",
      " [0.0295964  0.9244384  0.0459652 ]\n",
      " [0.04724416 0.9005563  0.05219954]\n",
      " [0.03422302 0.8944989  0.07127807]\n",
      " [0.06225335 0.85442567 0.08332097]\n",
      " [0.57959233 0.25917142 0.16123625]\n",
      " [0.46020133 0.15632891 0.38346975]\n",
      " [0.06053495 0.21032329 0.72914176]\n",
      " [0.10930937 0.51255472 0.37813591]\n",
      " [0.39119638 0.15010889 0.45869473]\n",
      " [0.18556404 0.66472766 0.1497083 ]\n",
      " [0.20768056 0.67495489 0.11736455]\n",
      " [0.09244802 0.59462575 0.31292623]\n",
      " [0.08212858 0.65094747 0.26692394]\n",
      " [0.65558137 0.2494652  0.09495343]\n",
      " [0.03475476 0.93200864 0.0332366 ]\n",
      " [0.84591365 0.08753567 0.06655069]\n",
      " [0.29349666 0.57417353 0.13232982]\n",
      " [0.90150324 0.05639774 0.04209901]\n",
      " [0.91696684 0.03838973 0.04464343]\n",
      " [0.90620698 0.05232342 0.0414696 ]\n",
      " [0.00805208 0.97937459 0.01257333]\n",
      " [0.05107079 0.05688758 0.89204163]\n",
      " [0.06639772 0.74617487 0.18742742]\n",
      " [0.19191897 0.70667902 0.10140201]\n",
      " [0.14031829 0.73621666 0.12346504]\n",
      " [0.52696285 0.14906387 0.32397329]\n",
      " [0.06155533 0.18387706 0.75456762]\n",
      " [0.03057728 0.04531526 0.92410746]\n",
      " [0.17992275 0.13513874 0.6849385 ]\n",
      " [0.08135349 0.32263791 0.5960086 ]\n",
      " [0.76812023 0.15603606 0.07584371]\n",
      " [0.06627208 0.14205062 0.79167731]\n",
      " [0.92469904 0.03515436 0.04014661]\n",
      " [0.01638069 0.03496614 0.94865318]\n",
      " [0.05055049 0.87687264 0.07257688]\n",
      " [0.26012168 0.56121739 0.17866093]\n",
      " [0.07768577 0.38550677 0.53680745]\n",
      " [0.04666724 0.04723149 0.90610127]\n",
      " [0.83925609 0.09689215 0.06385175]\n",
      " [0.03570526 0.88474086 0.07955388]\n",
      " [0.2521125  0.13430072 0.61358678]\n",
      " [0.61969051 0.1301486  0.25016089]]\n"
     ]
    }
   ],
   "source": [
    "# Example usage:\n",
    "# Generate random data\n",
    "np.random.seed(0)\n",
    "data = np.random.rand(100, 2)\n",
    "\n",
    "# Perform fuzzy C-means clustering\n",
    "num_clusters = 3\n",
    "centroids, membership_mat = fuzzy_c_means_clustering(data, num_clusters)\n",
    "\n",
    "print(\"Centroids:\")\n",
    "print(centroids)\n",
    "\n",
    "print(\"matrix membership\")\n",
    "print(membership_mat.T)\n"
   ]
  }
 ],
 "metadata": {
  "kernelspec": {
   "display_name": ".venv",
   "language": "python",
   "name": "python3"
  },
  "language_info": {
   "codemirror_mode": {
    "name": "ipython",
    "version": 3
   },
   "file_extension": ".py",
   "mimetype": "text/x-python",
   "name": "python",
   "nbconvert_exporter": "python",
   "pygments_lexer": "ipython3",
   "version": "3.8.6"
  }
 },
 "nbformat": 4,
 "nbformat_minor": 2
}
